-1 0 0 0 0 0 0 0 0 0 0 0 0 0 0 0
-1 1 9 14 13 11 7 6 15 2 12 5 10 4 3 8
-1 2 1 15 9 5 14 12 13 4 11 10 7 8 6 3
-1 3 8 1 4 14 9 10 2 6 7 15 13 12 5 11
-1 4 2 13 1 10 15 11 9 8 5 7 14 3 12 6
-1 5 11 3 12 1 8 13 6 10 9 2 4 7 15 14
-1 6 3 2 8 15 1 7 4 12 14 13 9 11 10 5
-1 7 10 12 5 4 6 1 11 14 2 8 3 15 9 13
-1 8 4 9 2 7 13 5 1 3 10 14 15 6 11 12
-1 9 13 7 15 12 10 3 14 1 6 11 5 2 8 4
-1 10 5 6 11 2 3 9 12 7 1 4 8 14 13 15
-1 11 12 8 6 9 4 15 3 5 13 1 2 10 14 7
-1 12 6 4 3 13 2 14 8 11 15 9 1 5 7 10
-1 13 15 10 14 6 5 8 7 9 3 12 11 1 4 2
-1 14 7 11 10 8 12 2 5 15 4 3 6 13 1 9
-1 15 14 5 7 3 11 4 10 13 8 6 12 9 2 1
