-1 0 0 0 0 0 0 0 0 0 0 0 0 0 0 0 0 0 0 0 0 0 0 0 0 0 0 0 0 0 0 0
-1 1 18 28 9 23 14 12 22 4 25 16 7 15 6 13 11 24 2 29 30 26 8 5 17 10 21 31 3 19 20 27
-1 2 1 29 18 11 28 24 9 8 23 5 14 30 12 26 22 21 4 31 25 17 16 10 7 20 15 27 6 3 13 19
-1 3 19 1 27 28 18 20 31 12 14 21 9 17 10 23 29 13 6 2 7 11 24 15 22 30 26 4 5 16 25 8
-1 4 2 31 1 22 29 21 18 16 11 10 28 25 24 17 9 15 8 27 23 7 5 20 14 13 30 19 12 6 26 3
-1 5 16 3 8 1 19 25 4 20 18 26 27 22 30 28 2 23 10 6 9 29 13 17 31 7 11 12 15 21 14 24
-1 6 3 2 19 29 1 13 27 24 28 15 18 7 20 11 31 26 12 4 14 22 21 30 9 25 17 8 10 5 23 16
-1 7 17 30 26 10 15 1 13 28 5 31 21 8 18 6 20 2 14 25 16 12 29 27 24 19 4 23 9 22 3 11
-1 8 4 27 2 9 31 15 1 5 22 20 29 23 21 7 18 30 16 19 11 14 10 13 28 26 25 3 24 12 17 6
-1 9 22 7 11 30 17 3 23 1 15 4 26 24 19 10 25 6 18 14 21 20 2 8 13 16 12 28 27 31 5 29
-1 10 5 6 16 2 3 23 8 13 1 17 19 9 25 29 4 11 20 12 18 31 26 7 27 14 22 24 30 15 28 21
-1 11 23 26 25 21 13 27 30 9 24 1 20 6 31 16 15 19 22 17 12 5 18 2 10 4 3 7 29 28 8 14
-1 12 6 4 3 31 2 26 19 21 29 30 1 14 13 22 27 17 24 8 28 9 15 25 18 23 7 16 20 10 11 5
-1 13 20 24 10 8 12 22 5 17 4 14 6 1 11 27 16 9 26 21 2 19 7 28 3 29 18 15 23 25 31 30
-1 14 7 25 17 20 30 2 26 29 10 27 15 16 1 12 13 4 28 23 5 24 31 19 21 3 8 11 18 9 6 22
-1 15 21 5 24 3 16 14 12 25 19 11 8 31 7 1 6 28 30 10 27 2 23 22 4 9 29 20 17 26 18 13
-1 16 8 19 4 18 27 30 2 10 9 13 31 11 15 14 1 25 5 3 22 28 20 26 29 17 23 6 21 24 7 12
-1 17 26 15 13 5 21 18 20 14 16 29 24 4 9 3 10 1 7 30 8 6 28 31 12 27 2 25 22 11 19 23
-1 18 9 14 22 25 7 6 11 2 30 8 17 21 3 20 23 12 1 28 15 13 4 16 26 5 24 29 19 27 10 31
-1 19 27 18 31 14 9 10 29 6 7 24 22 26 5 25 28 20 3 1 17 23 12 21 11 15 13 2 16 8 30 4
-1 20 10 12 5 4 6 11 16 26 2 7 3 18 23 31 8 22 13 24 1 27 17 14 19 28 9 21 25 30 29 15
-1 21 24 16 12 19 8 7 6 30 27 23 4 29 17 18 3 14 15 5 31 1 25 11 2 22 28 10 26 13 9 20
-1 22 11 17 23 15 26 19 25 18 21 2 13 12 27 5 30 3 9 7 24 10 1 4 20 8 6 14 31 29 16 28
-1 23 25 13 30 24 20 31 15 22 12 18 10 3 29 8 21 27 11 26 6 16 9 1 5 2 19 17 28 14 4 7
-1 24 12 8 6 27 4 17 3 15 31 25 2 28 26 9 19 7 21 16 29 18 30 23 1 11 14 5 13 20 22 10
-1 25 30 20 15 12 10 29 21 11 6 9 5 19 28 4 24 31 23 13 3 8 22 18 16 1 27 26 14 7 2 17
-1 26 13 21 20 16 24 9 10 7 8 28 12 2 22 19 5 18 17 15 4 3 14 29 6 31 1 30 11 23 27 25
-1 27 31 9 29 7 22 5 28 3 17 12 11 13 16 30 14 10 19 18 26 25 6 24 23 21 20 1 8 4 15 2
-1 28 14 23 7 13 25 4 17 31 20 19 30 5 2 24 26 8 29 11 10 21 27 3 15 6 16 22 1 18 12 9
-1 29 28 11 14 26 23 8 7 27 13 3 25 10 4 21 17 16 31 22 20 15 19 6 30 12 5 9 2 1 24 18
-1 30 15 10 21 6 5 28 24 23 3 22 16 27 14 2 12 29 25 20 19 4 11 9 8 18 31 13 7 17 1 26
-1 31 29 22 28 17 11 16 14 19 26 6 23 20 8 15 7 5 27 9 13 30 3 12 25 24 10 18 4 2 21 1
