-1 0 0 0 0 0 0 0 0 0 0 0 0 0 0 0 0 0 0 0 0 0 0 0 0 0 0 0 0 0 0 0 0 0 0 0 0 0 0 0 0 0 0 0 0 0 0 0 0 0 0 0 0 0 0 0 0 0 0 0 0 0 0 0
-1 1 33 62 49 43 31 44 57 37 52 28 46 40 22 25 61 54 51 39 26 35 14 24 23 15 20 34 11 53 45 6 63 2 27 21 56 9 50 19 13 47 48 5 7 30 12 41 42 4 38 18 10 29 17 60 36 8 59 58 55 16 3 32
-1 2 1 63 33 21 62 27 49 9 43 56 31 19 44 50 57 47 37 13 52 5 28 48 46 30 40 7 22 41 25 12 61 4 54 42 51 18 39 38 26 29 35 10 14 60 24 17 23 8 15 36 20 58 34 59 11 16 53 55 45 32 6 3
-1 3 32 1 16 62 33 55 8 44 31 36 49 59 58 43 4 25 22 42 46 38 18 40 57 17 60 37 29 28 52 10 2 6 45 63 11 27 21 53 23 50 19 15 9 34 20 56 61 12 41 54 30 39 51 7 47 24 14 13 26 48 5 35
-1 4 2 61 1 42 63 54 33 18 21 51 62 38 27 39 49 29 9 26 43 10 56 35 31 60 19 14 44 17 50 24 57 8 47 23 37 36 13 15 52 58 5 20 28 59 48 34 46 16 30 11 40 55 7 53 22 32 41 45 25 3 12 6
-1 5 35 3 48 1 32 26 24 55 33 47 16 14 13 62 12 43 58 61 49 41 54 59 8 51 7 44 39 36 31 30 6 10 52 2 29 45 63 28 57 21 53 17 27 37 60 11 4 20 56 25 34 42 22 9 50 40 18 23 46 19 15 38
-1 6 3 2 32 63 1 45 16 27 62 11 33 53 55 21 8 50 44 23 31 15 36 19 49 34 59 9 58 56 43 20 4 12 25 61 22 54 42 41 46 39 38 30 18 7 40 51 57 24 17 47 60 13 37 14 29 48 28 26 52 35 10 5
-1 7 34 60 17 20 30 1 41 62 10 23 15 29 33 12 53 4 31 48 5 44 42 11 38 45 47 43 49 13 6 18 59 14 2 40 46 63 24 58 35 8 22 27 21 25 36 26 19 28 55 61 54 16 52 50 57 56 39 32 3 51 9 37
-1 8 4 57 2 23 61 47 1 36 42 37 63 15 54 13 33 58 18 52 21 20 51 5 62 59 38 28 27 34 39 48 49 16 29 46 9 11 26 30 43 55 10 40 56 53 35 7 31 32 60 22 19 45 14 41 44 3 17 25 50 6 24 12
-1 9 37 7 51 60 34 3 56 1 30 57 17 39 32 20 28 12 33 19 15 55 61 29 41 52 50 62 16 23 10 54 14 18 6 59 49 2 40 13 38 24 58 45 63 43 47 46 53 36 26 4 25 48 31 21 8 11 42 35 5 22 27 44
-1 10 5 6 35 2 3 52 48 45 1 29 32 28 26 63 24 21 55 57 33 17 47 53 16 37 14 27 13 11 62 60 12 20 43 4 58 25 61 56 49 42 41 34 54 9 59 22 8 40 51 50 7 23 44 18 39 19 36 46 31 38 30 15
-1 11 36 56 18 41 28 24 9 8 53 1 14 52 12 38 37 35 4 30 59 50 33 45 7 42 26 57 6 62 19 58 51 22 48 17 2 16 15 43 60 5 25 39 49 23 55 63 34 44 21 32 13 10 61 46 3 27 31 20 40 54 29 47
-1 12 6 4 3 61 2 25 32 54 63 22 1 41 45 42 16 39 27 46 62 30 11 38 33 7 53 18 55 51 21 40 8 24 50 57 44 47 23 17 31 13 15 60 36 14 19 37 49 48 34 29 59 26 9 28 58 35 56 52 43 5 20 10
-1 13 39 58 50 22 29 53 25 19 11 10 47 1 59 51 45 17 40 9 36 61 5 62 54 8 33 48 60 6 56 46 55 26 41 44 20 38 37 2 18 34 63 57 35 16 31 12 27 52 4 15 49 7 24 32 30 43 3 14 28 21 23 42
-1 14 7 59 34 40 60 2 17 63 20 46 30 58 1 24 41 8 62 35 10 27 23 22 15 25 29 21 33 26 12 36 53 28 4 19 31 61 48 55 5 16 44 54 42 50 11 52 38 56 45 57 47 32 43 39 49 51 13 3 6 37 18 9
-1 15 38 5 19 3 35 46 40 26 32 50 48 18 23 1 20 62 13 4 16 56 25 14 24 22 9 55 42 47 33 34 10 30 31 6 39 52 2 36 8 63 28 51 45 44 7 29 12 60 11 43 37 61 58 27 21 59 54 57 49 53 17 41
-1 16 8 49 4 46 57 29 2 11 23 9 61 30 47 26 1 55 36 43 42 40 37 10 63 53 15 56 54 7 13 35 33 32 58 31 18 22 52 60 21 45 20 19 51 41 5 14 62 3 59 44 38 25 28 17 27 6 34 50 39 12 48 24
-1 17 41 15 53 5 38 49 59 46 35 21 19 54 57 3 60 1 23 12 48 11 43 18 40 58 27 26 61 50 32 37 30 34 33 10 42 31 6 47 24 2 36 22 52 55 9 39 20 7 29 62 44 4 13 45 63 14 25 8 16 28 51 56
-1 18 9 14 37 59 7 6 51 2 60 49 34 13 3 40 56 24 1 38 30 45 57 58 17 43 39 63 32 46 20 47 28 36 12 53 33 4 19 26 15 48 55 25 61 21 29 31 41 11 52 8 50 35 62 42 16 22 23 5 10 44 54 27
-1 19 40 48 20 16 24 42 10 39 8 45 12 37 21 49 5 46 50 1 4 14 55 34 6 36 51 29 43 27 57 41 35 38 23 32 25 13 33 9 2 31 7 28 58 11 17 54 3 15 18 26 56 62 47 22 52 30 44 63 61 60 53 59
-1 20 10 12 5 4 6 43 35 25 2 58 3 56 52 61 48 42 45 49 1 34 29 41 32 9 28 54 26 22 63 59 24 40 21 8 55 50 57 51 33 23 17 7 47 18 53 44 16 19 37 39 14 46 27 36 13 38 11 31 62 15 60 30
-1 21 43 50 52 47 25 7 26 60 54 38 45 16 34 36 13 28 30 22 27 1 19 49 55 6 8 20 17 35 18 61 39 42 14 29 15 59 11 32 44 56 33 2 40 12 57 5 58 23 3 53 4 51 10 24 41 46 48 37 9 31 63 62
-1 22 11 51 36 17 56 48 18 16 41 2 28 43 24 15 9 5 8 60 53 39 1 25 14 23 52 49 12 63 38 55 37 44 35 34 4 32 30 21 59 10 50 13 33 46 45 61 7 27 42 3 26 20 57 31 6 54 62 40 19 47 58 29
-1 23 42 13 21 58 39 28 43 53 29 30 50 3 14 22 52 51 59 27 47 4 15 1 25 24 32 19 7 10 11 49 26 46 56 55 60 41 44 6 54 37 2 8 38 48 33 20 45 31 12 17 16 9 40 35 34 62 5 18 36 63 57 61
-1 24 12 8 6 57 4 50 3 47 61 44 2 17 25 23 32 13 54 31 63 60 22 15 1 14 41 36 45 37 42 19 16 48 39 49 27 29 46 34 62 26 30 59 11 28 38 9 33 35 7 58 53 52 18 56 55 5 51 43 21 10 40 20
-1 25 45 54 55 18 27 30 58 10 9 48 44 57 15 14 29 59 5 56 37 31 24 23 22 1 61 6 38 16 7 21 47 50 60 36 35 20 28 49 51 53 46 62 12 2 42 32 11 39 33 40 63 41 3 4 19 13 8 17 34 26 43 52
-1 26 13 55 39 44 58 41 50 38 22 20 29 2 53 37 25 34 19 18 11 57 10 63 47 16 1 35 59 12 51 31 45 52 17 27 40 15 9 4 36 7 61 49 5 32 62 24 54 43 8 30 33 14 48 3 60 21 6 28 56 42 46 23
-1 27 44 9 22 7 37 5 11 3 34 8 51 42 35 60 36 20 32 53 17 26 4 39 56 31 21 1 48 57 30 25 18 54 10 14 16 6 59 23 41 40 13 52 2 62 50 49 28 47 46 12 43 19 33 63 24 29 61 38 15 58 45 55
-1 28 14 53 7 19 59 4 34 61 40 31 60 55 2 48 17 16 63 5 20 54 46 44 30 50 58 42 1 52 24 11 41 56 8 38 62 57 35 45 10 32 27 47 23 39 22 43 15 51 25 49 29 3 21 13 33 37 26 6 12 9 36 18
-1 29 47 11 54 56 36 40 27 24 28 3 18 31 20 41 44 38 12 34 14 21 32 52 9 61 46 8 10 1 53 13 22 58 19 51 6 48 17 62 7 15 43 42 16 57 26 2 37 55 63 35 23 30 4 49 5 45 33 60 59 25 39 50
-1 30 15 10 38 6 5 31 19 52 3 39 35 36 46 2 40 63 26 8 32 51 50 28 48 44 18 45 23 29 1 7 20 60 62 12 13 43 4 11 16 61 56 37 25 27 14 58 24 59 22 21 9 57 55 54 42 53 47 49 33 41 34 17
-1 31 46 52 23 45 26 51 42 17 55 59 13 12 56 27 21 9 41 47 58 16 60 4 39 35 6 15 28 40 44 1 43 62 37 25 53 34 54 24 29 18 8 32 30 5 2 19 50 63 48 7 3 36 38 10 14 61 20 11 22 57 33 49
-1 32 16 33 8 31 49 58 4 22 46 18 57 60 29 52 2 45 11 21 23 19 9 20 61 41 30 51 47 14 26 5 1 3 55 62 36 44 43 59 42 25 40 38 37 17 10 28 63 6 53 27 15 50 56 34 54 12 7 39 13 24 35 48
-1 33 49 31 57 52 46 22 61 51 26 14 23 20 11 45 63 27 56 50 13 48 7 12 42 38 10 17 36 59 55 3 62 1 44 43 28 37 25 40 39 54 24 35 34 15 6 53 21 2 19 9 5 47 41 30 18 4 60 29 58 8 32 16
-1 34 17 30 41 10 15 33 53 31 5 42 38 47 49 6 59 2 46 24 35 22 21 36 19 55 54 52 57 39 3 9 60 7 1 20 23 62 12 29 48 4 11 44 43 45 18 13 40 14 58 63 27 8 26 25 61 28 50 16 32 56 37 51
-1 35 48 32 24 33 16 13 12 58 49 54 8 7 39 31 6 52 29 63 57 53 27 60 4 56 34 22 50 18 46 15 3 5 26 1 47 55 62 14 61 43 59 41 44 51 30 36 2 10 28 45 17 21 11 37 25 20 9 42 23 40 38 19
-1 36 18 28 9 53 14 12 37 4 59 33 7 26 6 19 51 48 2 15 60 25 49 55 34 21 13 61 3 31 40 29 56 11 24 41 1 8 38 52 30 35 45 50 57 42 58 62 17 22 43 16 39 5 63 23 32 44 46 10 20 27 47 54
-1 37 51 34 56 30 17 32 28 33 15 61 41 50 16 10 14 6 49 40 38 58 63 47 53 26 25 31 8 42 5 27 7 9 3 60 57 1 20 39 19 12 29 55 62 52 54 23 59 18 13 2 45 24 46 43 4 36 21 48 35 11 44 22
-1 38 19 35 40 32 48 23 20 13 16 25 24 9 42 33 10 31 39 2 8 28 45 7 12 11 37 58 21 54 49 17 5 15 46 3 50 26 1 18 4 62 14 56 55 22 34 47 6 30 36 52 51 63 29 44 43 60 27 61 57 59 41 53
-1 39 50 29 25 11 47 59 45 40 36 5 54 33 60 56 55 41 20 37 18 63 35 31 27 4 49 24 30 3 28 23 58 13 53 22 10 19 51 1 9 17 62 61 48 8 46 6 44 26 2 38 57 34 12 16 15 52 32 7 14 43 42 21
-1 40 20 24 10 8 12 21 5 50 4 55 6 51 43 57 35 23 25 33 2 7 58 17 3 18 56 47 52 44 61 53 48 19 42 16 45 39 49 37 1 46 34 14 29 36 41 27 32 38 9 13 28 31 54 11 26 15 22 62 63 30 59 60
-1 41 53 38 59 35 19 57 60 23 48 43 40 27 61 32 30 33 42 6 24 36 52 9 20 29 44 13 63 25 16 51 15 17 49 5 21 46 3 54 12 1 18 11 26 58 37 50 10 34 47 31 22 2 39 55 62 7 45 4 8 14 56 28
-1 42 21 39 43 29 50 14 52 59 47 15 25 32 7 11 26 56 60 44 54 2 38 33 45 12 16 40 34 5 36 57 13 23 28 58 30 53 22 3 27 51 1 4 19 24 49 10 55 46 6 41 8 37 20 48 17 31 35 9 18 62 61 63
-1 43 52 25 26 54 45 34 13 30 27 19 55 8 17 18 39 14 15 11 44 33 40 57 58 3 4 10 41 48 9 63 50 21 7 47 38 60 36 16 22 28 49 1 20 6 61 35 29 42 32 59 2 56 5 12 53 23 24 51 37 46 62 31
-1 44 22 37 11 34 51 35 36 32 17 4 56 21 48 30 18 10 16 59 41 13 2 50 28 46 43 33 24 61 15 45 9 27 5 7 8 3 60 42 53 20 39 26 1 31 25 57 14 54 23 6 52 40 49 62 12 47 63 19 38 29 55 58
-1 45 55 27 58 9 44 15 29 5 37 24 22 61 38 7 47 60 35 28 51 46 12 42 11 33 63 3 19 8 34 43 54 25 30 18 48 10 14 57 56 59 23 31 6 1 21 16 36 50 49 20 62 53 32 2 40 39 4 41 17 13 52 26
-1 46 23 26 42 55 13 56 21 41 58 60 39 6 28 44 43 37 53 54 29 8 30 2 50 48 3 38 14 20 22 33 52 31 51 45 59 17 27 12 47 9 4 16 15 35 1 40 25 62 24 34 32 18 19 5 7 63 10 36 11 61 49 57
-1 47 54 36 27 28 18 20 44 12 14 32 9 46 10 53 22 19 6 17 7 43 16 26 37 63 23 4 5 33 59 39 11 29 40 56 3 24 41 31 34 38 52 21 8 61 13 1 51 58 62 48 42 15 2 57 35 55 49 30 60 45 50 25
-1 48 24 16 12 49 8 39 6 29 57 27 4 34 50 46 3 26 47 62 61 59 44 30 2 28 17 11 25 9 23 38 32 35 13 33 54 58 31 7 63 52 60 53 22 56 15 18 1 5 14 55 41 43 36 51 45 10 37 21 42 20 19 40
-1 49 57 46 61 26 23 11 63 56 13 7 42 10 36 55 62 44 28 25 39 24 34 6 21 19 5 41 18 60 58 32 31 33 22 52 14 51 45 20 50 27 12 48 17 38 3 59 43 1 40 37 35 54 53 15 9 2 30 47 29 4 16 8
-1 50 25 47 45 36 54 60 55 20 18 35 27 49 30 28 58 53 10 51 9 62 48 46 44 2 57 12 15 32 14 42 29 39 59 11 5 40 56 33 37 41 31 63 24 4 23 3 22 13 1 19 61 17 6 8 38 26 16 34 7 52 21 43
-1 51 56 17 28 15 41 16 14 49 38 63 53 25 8 5 7 3 57 20 19 29 62 54 59 13 45 46 4 21 35 44 34 37 32 30 61 33 10 50 40 6 47 58 31 26 27 42 60 9 39 1 55 12 23 52 2 18 43 24 48 36 22 11
-1 52 26 45 13 27 55 17 39 15 44 40 58 4 41 9 50 7 38 36 22 49 20 61 29 32 2 5 53 24 37 62 25 43 34 54 19 30 18 8 11 14 57 33 10 3 63 48 47 21 16 60 1 28 35 6 59 42 12 56 51 23 31 46
-1 53 59 19 60 48 40 61 30 42 24 52 20 44 63 16 15 49 21 3 12 18 26 37 10 47 22 39 62 45 8 56 38 41 57 35 43 23 32 27 6 33 9 36 13 29 51 25 5 17 54 46 11 1 50 58 31 34 55 2 4 7 28 14
-1 54 27 18 44 14 9 10 22 6 7 16 37 23 5 59 11 40 3 41 34 52 8 13 51 62 42 2 35 49 60 50 36 47 20 28 32 12 53 46 17 19 26 43 4 63 39 33 56 29 31 24 21 38 1 61 48 58 57 15 30 55 25 45
-1 55 58 44 29 37 22 38 47 35 51 12 11 63 19 34 54 30 48 14 56 23 6 21 36 49 62 32 40 4 17 52 27 45 15 9 24 5 7 61 28 60 42 46 3 33 43 8 18 25 57 10 31 59 16 1 20 50 2 53 41 39 26 13
-1 56 28 41 14 38 53 8 7 57 19 62 59 45 4 35 34 32 61 10 40 47 31 27 60 39 55 23 2 43 48 22 17 51 16 15 63 49 5 25 20 3 54 29 46 13 44 21 30 37 50 33 58 6 42 26 1 9 52 12 24 18 11 36
-1 57 61 23 63 13 42 36 62 28 39 34 21 5 18 58 31 22 14 45 50 12 17 3 43 40 35 53 9 30 29 16 46 49 11 26 7 56 55 10 25 44 6 24 41 19 32 60 52 33 20 51 48 27 59 38 37 1 15 54 47 2 8 4
-1 58 29 22 47 51 11 19 54 48 56 6 36 62 40 17 27 15 24 7 28 42 3 43 18 57 31 16 20 2 41 26 44 55 38 37 12 35 34 63 14 30 21 23 32 49 52 4 9 45 61 5 46 60 8 33 10 25 1 59 53 50 13 39
-1 59 60 40 30 24 20 63 15 21 12 26 10 22 62 8 38 57 43 32 6 9 13 51 5 54 11 50 31 55 4 28 19 53 61 48 52 42 16 44 3 49 37 18 39 47 56 45 35 41 27 23 36 33 25 29 46 17 58 1 2 34 14 7
-1 60 30 20 15 12 10 62 38 43 6 13 5 11 31 4 19 61 52 16 3 37 39 56 35 27 36 25 46 58 2 14 40 59 63 24 26 21 8 22 32 57 51 9 50 54 28 55 48 53 44 42 18 49 45 47 23 41 29 33 1 17 7 34
-1 61 63 42 62 39 21 18 31 14 50 17 43 35 9 29 46 11 7 55 25 6 41 32 52 20 48 59 37 15 47 8 23 57 36 13 34 28 58 5 45 22 3 12 53 40 16 30 26 49 10 56 24 44 60 19 51 33 38 27 54 1 4 2
-1 62 31 43 46 25 52 37 23 34 45 53 26 24 51 54 42 18 17 29 55 32 59 8 13 5 12 30 56 19 27 2 21 63 9 50 41 7 47 48 58 36 16 3 60 10 4 38 39 61 35 14 6 11 15 20 28 57 40 22 44 49 1 33
-1 63 62 21 31 50 43 9 46 7 25 41 52 48 37 47 23 36 34 58 45 3 53 16 26 10 24 60 51 38 54 4 42 61 18 39 17 14 29 35 55 11 32 6 59 20 8 15 13 57 5 28 12 22 30 40 56 49 19 44 27 33 2 1
